16-09-25.csv ------ RandomForestClassifier().
accuracy: 0.5938086303939962.
recall: 0.5938086303939962.
f1_score: 0.5938086303939962.


######################################16-09-25.csv ------ SVC().
accuracy: 0.44058786741713574.
recall: 0.44058786741713574.
f1_score: 0.4405878674171358.


######################################16-09-25.csv ------ DecisionTreeClassifier().
accuracy: 0.5928705440900562.
recall: 0.5928705440900562.
f1_score: 0.5928705440900562.


######################################16-09-25.csv ------ KNeighborsClassifier().
accuracy: 0.3070669168230144.
recall: 0.3070669168230144.
f1_score: 0.3070669168230144.


######################################